frc1126,frc1405,frc145,frc1450,frc1503,frc1507,frc1511,frc1518,frc1551,frc1559,frc1585,frc1591,frc1713,frc1728,frc174,frc1743,frc1765,frc191,frc1930,frc20,frc2053,frc211,frc2228,frc229,frc2340,frc250,frc272,frc316,frc340,frc365,frc378,frc424,frc578,frc639,frc65,frc67,frc68,frc73,frc768,frc84
